556.5 176.5 0.946141
613.5 277.5 0.955756
650.5 432.5 0.949347
556.5 176.5 0.946141
650.5 432.5 0.949347
591.5 352.5 0.936513
613.5 277.5 0.955756
461.5 327.5 0.960516
474.5 470.5 0.955432
613.5 277.5 0.955756
474.5 470.5 0.955432
650.5 432.5 0.949347
382.5 247.5 0.952941
591.5 352.5 0.936513
387.5 409.5 0.945667
382.5 247.5 0.952941
556.5 176.5 0.946141
591.5 352.5 0.936513
591.5 352.5 0.936513
650.5 432.5 0.949347
474.5 470.5 0.955432
591.5 352.5 0.936513
474.5 470.5 0.955432
387.5 409.5 0.945667
382.5 247.5 0.952941
387.5 409.5 0.945667
461.5 327.5 0.960516
387.5 409.5 0.945667
474.5 470.5 0.955432
461.5 327.5 0.960516
461.5 327.5 0.960516
613.5 277.5 0.955756
382.5 247.5 0.952941
556.5 176.5 0.946141
382.5 247.5 0.952941
613.5 277.5 0.955756
